PMIDs
36567508
36549922
36548959
36544023
36618090
36522651
36520028
36351074
36543170
36477076
36475926
36493588
36461911
36416886
36408534
36408906
36351830
36350698
36352464
36347239
36321803
36395073
36384965
36318577
36316305
36361946
36305747
36302222
36306734
36301074
36271855
36268892
36309015
36266470
36264208
36270276
36241367
36414009
36216821
36217003
36154077
36200899
36198803
36175574
36171430
36169098
36129941
36174573
36161497
36131047
36140826
36115734
36070343
36095132
36070694
36064777
36057627
36054350
35972511
36328355
35920299
36038588
36001975
35981753
35978189
35953528
35947976
35927700
35955798
35918316
36016815
35926125
35914524
35896564
35879829
35879308
35866483
35864175
35868269
35858750
35863692
35822882
35817509
35771940
35835117
35789212
35775608
35806155
35732133
35703978
35750051
35744735
35688133
35653571
35700731
35522219
35653460
35654884
35652592
35656643
35638597
35637422
35624092
35636023
35663547
35576971
35578169
35600998
35553453
35615119
35597007
35601529
35513429
35613102
35477756
35442775
35451481
35446419
35446428
35449309
35440059
35440655
35428271
35421216
35479509
35416423
35385296
35389753
35395409
35383280
35357935
35357911
35357925
35357919
35363262
35357915
35358454
35367859
35361935
35361963
35349156
35354049
35347264
35324310
35319017
35294280
35314824
35306207
35263225
35275927
35277690
35290762
35256454
35256622
35239373
35245381
35239989
35235413
35232277
35212723
35197628
35273081
35194019
35193955
35180770
35177701
35177668
35145034
34957854
35165384
35144974
35137685
35133984
34935874
35123662
35108755
35082152
34561242
35094009
35046049
35064104
34995731
35081371
35040907
35017301
35040383
35025667
35022194
35015132
34996873
35021089
35017494
35013259
35018432
35068483
34980926
35195598
35037202
34890134
36128559
35832536
36726591
35813071
36684744
35037207
35037200
34921016
34907313
34890577
34879282
34871329
34855479
34850398
34847567
34845375
34836971
34837064
34819508
34850121
34817545
34817408
34888675
34765918
34794959
34791665
34788549
34788609
34781413
34791415
34762468
34762762
34764491
34764459
34752447
34758329
34755436
34748720
34478630
34807903
34751153
34711969
34718759
34697072
34673768
34672955
34661238
34721839
34663958
34648371
34645798
34645828
34646010
34739048
34616062
34616069
34616066
34599093
34648750
34611160
34608979
34599282
34616075
34753794
34616071
34616072
34593353
34556174
34551429
34555496
34535668
34531253
34528508
34515477
34495315
34542533
34478639
34471188
34473948
34474484
34146471
34416159
34385304
34400816
34382072
34376668
34375428
34353948
34352222
34328223
34329477
34321664
34301951
34296997
34301239
34294707
13143611
34280183
34254585
34234317
34245764
34187896
34532655
34210991
33781846
34176926
34159967
34171292
34117028
34109759
34103681
34099731
34098868
34250200
34161776
34075229
34076859
34052255
34021083
34031543
34031428
33950203
34018645
34016956
34011433
33890869
34020912
34002693
33988830
34015329
33972801
33107913
33947700
33941093
33983921
33811084
33990328
33930099
33900588
33893150
33863915
33865869
33911468
33862423
33306129
33795430
33798420
33667348
33502943
33495315
33831348
33465258
33257863
33826801
33826634
33021035
33826805
33811115
33846596
33821285
33787925
33789107
33772153
33758256
33749660
33761311
33713372
33022051
33693773
33303580
33684106
33300159
33547044
33676899
33619356
33735256
33623026
33579824
33588838
33587037
33290732
33527899
33522487
33536596
33432169
33514748
33483695
33332193
33462227
33427198
33536879
33443190
33449096
32466724
33093149
33039466
33502086
33230319
33318660
33121994
33431508
33716686
34804587
34276699
33659018
33361111
33242405
33052755
33093146
32979513
33132082
32930052
33037066
33184911
33202731
32931754
33086030
32990679
33057576
32478146
32440964
33087697
33088423
32667673
33002116
32703770
33052904
32955440
32657929
32917689
32540904
32610085
32718022
33659353
32113656
32619423
32641748
32460305
32202323
32546248
32295764
32416589
32406083
32404307
32392296
32101300
32051563
32129472
32286227
32286265
32282806
32272064
32265264
31988265
31980749
32391426
32054621
32001512
32066965
32119924
32111833
32086365
32083660
32076273
32071408
32048993
32051578
32051529
32042156
32037563
32029550
32029441
32015472
32018053
31996852
31988524
31975170
31974314
31974357
31969570
31964885
31941506
31954511
31935107
35121845
31932696
31935373
31983610
31709653
31945723
31932672
31948733
31951519
31926290
31598706
31727633
31813824
31911459
31860080
31778074
32025007
33072601
33313546
31891587
31873310
31873217
31873221
31856913
31852823
31842730
31843902
31859030
31843001
31843397
31835037
31839537
31822627
31818848
31817577
31802121
31839538
31801999
31792669
31782791
31806907
31892909
31784732
31856220
31750418
31778112
31849618
31775037
31744902
31738797
31315026
31727682
31723131
31715130
31699926
31680153
31676777
31697837
31645363
31659335
31585360
31665640
31661167
31665631
31661016
31661847
31658277
31670073
31753580
31646703
31677971
31638335
31641075
31626774
31608359
31614829
31677972
31601938
31597271
31591152
31578525
31585331
31577957
31323334
31632227
31551604
10005758
31548725
31548409
31536651
31539503
31525177
31527169
31519687
31511426
31492749
31488704
31488577
31484774
31271967
31495645
31454099
31451769
31434790
31434893
31433971
31420599
31416967
31411559
31413151
31406271
31404082
31399121
31393575
31173362
31332371
31123173
31417541
31358660
31358028
31372185
31344282
31352001
31154983
31324739
31315885
31299170
31521335
31383623
31292536
31289213
31283897
31285596
31241371
31213547
31263176
31263025
30851090
31219951
31253872
31249063
31256877
31182604
31221853
31234318
31222885
31222014
31226278
31321241
31222186
31213126
31208434
31206516
31197017
31189943
31181654
31175338
31171691
31174326
31164752
31163026
31013172
31135043
30654233
31152161
31039676
31088262
31142839
31126914
31142482
31135034
31138889
31127942
30950935
31113472
19304713
30850513
31039719
31091417
31092557
31073140
31279534
31065111
31061537
31053628
31051138
31043410
31043510
31034598
31035828
30966954
31019094
30995471
30988512
30971684
30936436
30707772
31105749
30926931
30918008
30905392
30872508
30874469
30874362
30965276
30865883
30865900
30858600
30846554
30844513
30819952
30824576
30819963
30818990
30782801
30801977
30846310
30787474
30783109
30620551
30764743
30720427
30716072
30799057
30706071
30709910
30809048
30299169
30711326
30699346
30703613
30712989
30679813
30664786
30659174
30652683
30397017
30636933
30617056
30666263
33326193
30701499
30378047
30378048
31773065
30378070
30378078
30611676
30586384
30570483
30575484
30572624
30585291
30509984
30559490
30580964
30541142
30526857
30520198
30518754
30510179
30506978
30583945
30420624
30218786
30563848
30498219
30481262
30478095
30478097
30534005
30470718
30465764
30459282
30454069
30431433
30503706
30428345
30383140
29985536
30377352
30179661
30366930
30392957
30356219
30417879
30359608
30387642
30347044
30333135
30322902
30327965
30307486
30307910
30364124
30300385
30349559
30288557
30287957
18301112
29969439
30276803
29949075
29934075
29778985
30262472
30259076
30248125
30232363
30224673
30217360
30185888
30177776
30177543
30200453
29617944
30168903
30146183
30456361
30134966
30138552
30134605
30127527
30125118
30174293
30098276
30147708
30102384
30103210
30096314
30082764
30082712
30082703
30076146
30084934
30072621
29894651
29954844
30061114
30061635
30061736
30061735
30054457
30147447
30039733
30037851
30037990
30020927
30003873
30017396
30055482
29979655
29805100
29972797
29915081
29945888
29945887
29673279
29752482
29543518
31270145
29522842
30050997
29930110
30262398
29924804
29915325
29920310
29484652
29903880
29897418
29890621
29880880
29879392
29874225
29870542
29672717
29599501
29713083
29325707
29712755
29853643
29850821
29844022
30352732
29728462
29735690
29789416
29798890
29773806
29773669
29458060
29769331
29768215
29763620
29739789
29742441
29519939
29656860
29681499
29098466
29656875
29718481
29785964
29669919
29686425
29736724
29777189
29488849
28630456
29567837
29712920
29708966
29696747
29701825
29439951
29572431
29628290
29590093
29618663
29699939
29625051
29617673
29360641
29432885
29300887
29300887
29688430
29530928
30597108
17303490
29530927
29581512
30262396
29888765
17310931
29606613
29566793
29438372
29555928
29543153
29284707
29526696
29502955
29524599
29275164
29212915
29499134
29228208
29402707
29301956
29599906
29190363
29491377
29361467
29483511
29474905
29467395
29434036
29471215
29454705
29414946
29449409
29358087
29444439
29449148
29417930
29420929
29305535
29432194
17320817
29217773
29420280
17314145
29220503
29335544
29508296
27752079
29259021
29144792
29343640
29379187
29242230
29374267
29371656
29161423
29363776
29311302
29358651
29348454
29180472
29203514
29379518
29220293
29220296
29311127
29316427
29305728
29110486
29301956
29092050
29165610
28968671
30239679
29341164
29021379
29233922
29054336
28754721
29180699
29332294
29560539
30062405
29928253
29255038
29260710
29257958
29222517
29186125
29089377
29171189
29208732
29106417
29184202
29187731
29179005
29132146
29162892
29161586
29149598
29144463
29133793
29133907
29123069
29213995
29118214
29078375
29109278
29107557
29099290
29100075
29096072
29025894
28947489
28988646
28854066
29049281
29017571
28984573
28985561
28919077
28918937
28945830
16303938
29066500
16305892
28731041
28825718
28974531
28780355
29028946
28957672
28846478
29051389
28899199
28886375
28875933
28637659
28615340
28864603
28645195
28634997
28651804
28989791
17309457
17311731
28842533
28859085
28850106
28835719
28757253
28932764
28686534
28820723
28781232
28817804
28809960
28811490
28810140
27803274
28671666
28754721
28750198
28791042
28734725
28724409
28472294
28369201
28710129
28696556
28687074
28213432
28497998
28630308
28430855
28196207
28479595
28647013
28747406
28587830
28571832
28879196
28679606
28468946
28666125
28651666
28605751
28641109
28636937
28633019
28633017
28622330
28598433
28507080
28528644
28476403
28481342
28459449
28564604
28555636
28588451
28521122
28377452
17307436
28011790
17308958
28408414
28472652
28420791
28348168
28538991
27178193
17302341
28427863
28396056
28319608
28433655
27988359
28408271
28508316
28508311
28186631
28460014
28449067
28410990
28386018
28469402
28398325
27903888
28389597
27809572
28381597
28161901
28923212
28288115
28343122
28362434
28337968
28469398
28301478
28216146
28276535
28270613
28193700
28264885
28232471
28285994
28257070
27792866
28393116
28001340
28165479
27680505
28191893
28193876
28232730
28228131
28231254
28224990
28180297
28089890
28170433
28174254
28099410
28223312
27993773
27992400
27697079
27479938
28030777
27636545
28117419
28122245
28122245
28115468
28112645
28103946
28098153
28096241
28092266
27888217
28076762
27557711
28057848
27346738
27668839
27918202
28111979
27918538
27603332
28108626
28732207
28055301
28333962
28985566
28942923
17314293
29311849
28538188
28035901
28029159
27916457
27997545
27934763
27702819
27742686
27921283
27749838
27854363
27661001
28191499
27497738
27606929
27898087
27917288
27881770
27974164
27799550
27849577
27834372
27652894
27911751
27829137
27590350
27821409
27814353
27810956
27807036
28713666
27621426
27292289
27900361
27967069
27669034
27900360
27799469
27807345
27777417
27924030
27798263
27759562
27738016
27669022
27702896
27574301
27318204
27702787
27403450
27436134
27393869
27681436
27686390
27662573
27662084
27618674
27657445
27649740
27618486
27624829
27798848
27451901
27615794
27604469
27545715
27606929
27626910
27530828
27391683
27376689
27761519
27559168
27397084
27477511
27285108
27505666
27184401
27371487
27099164
27217148
26388418
27385814
27587185
27345719
27471963
27458800
27438412
27431241
27474441
27415776
27410730
27401613
27411582
27384127
27380775
27401557
27120077
27148906
27570829
26994098
27182966
27354556
27194749
27356984
27353088
27339440
27408812
27333879
27338794
27330056
27378859
27238021
27179074
27301828
27307236
27301377
27375436
27291650
27271799
27276428
27244881
27258693
27020859
26763249
27335450
26662922
27207856
27015116
27099234
27197213
16301235
27255838
26914985
27252627
27215799
27195782
27184599
27184839
27165153
27151640
27145073
27135925
26876012
26657335
27107712
27158978
27068464
27089238
27088855
26874885
27082953
27082250
27083044
27148350
27049944
27067378
19319568
27021171
27050167
27053207
27135056
26573598
26668004
26950095
26942832
27115637
27036972
27115651
27458638
26982726
26966235
26929372
27031423
26960396
26935695
26914320
26943675
26699726
26347531
26733669
26755691
26886800
26906500
26906503
26896847
26882063
26859352
26869888
26830143
26836631
26879370
26888917
26866916
26544153
26572242
26655495
26481130
26658419
26577059
26724867
26752627
26749308
26675728
26729303
26656494
26729904
27899602
26701265
26213071
27308531
26419819
26578574
26418050
26553803
26519404
27677952
27445039
27391956
28289164
01500357
26536169
28185554
27467773
26687620
26691201
26626481
26674870
26541605
26652162
26651607
26669894
26785492
26637982
26637800
26187991
26603296
26627257
26648838
26685068
26589551
26869840
26391891
15000225
25432973
26589460
26584889
26447190
26481663
26568307
26564857
26716019
26489650
26555051
26530390
26523774
26522614
26512122
26518212
26392588
26344043
26447147
26206304
26323280
26490253
26494581
26481685
26473952
26158404
26472911
26834992
26998227
26468190
26438832
26430110
26431027
26423587
26428307
27148569
26512894
26430150
26432245
26432225
26416731
26209135
26403281
26401017
26394836
26354934
26392545
26390382
26381817
26377473
26369336
26367798
26465426
26352475
26334920
26308889
26324441
26645049
26299972
26330165
26048247
25995327
26181336
26194030
25994217
26322384
26317475
26299571
26286717
26286717
26273832
26282925
26121404
26321926
25987439
26261347
26166619
26259819
26195764
26238354
26238358
26156379
26078280
26175196
26209554
26226900
26214522
26144316
26181725
26186286
24998853
26151137
25714397
26139373
25701570
25449581
26283968
26217933
27308471
26005869
26115953
26122175
26985448
26056312
25827113
25575943
25982114
26079076
26051422
25681254
26047612
26046460
26038567
25744886
25802118
26034117
25897081
15002264
25941168
25561062
25961408
26075643
15002537
25829425
26044129
26106301
25731173
26042001
26090505
25995188
25784553
25959817
25948706
25942352
25748433
25933103
25539763
25858951
25592467
25799441
25808866
24275833
25801699
26049694
25743182
26025665
25783854
25966763
25919951
25916827
25915123
25905804
25897122
25928034
25694455
25681440
25855185
25866245
25855289
25838376
25833940
25765878
25671412
25780112
25264372
25546585
25456047
25901200
25826754
25822087
25815464
25600269
25805138
25759251
25748933
25738607
25926976
26667840
25737277
25359890
25403749
25599402
25790137
25675209
25418077
24062318
25779050
25717192
25706472
25693563
25695507
25698754
25199916
25653158
25406946
25574741
25644601
25648202
25460333
25450112
25645699
25630704
25640237
25624498
25651527
25616871
25616873
25686829
25407755
25605752
25501036
25432172
25587064
25582907
25581362
25583329
25581360
25579994
25565029
25376953
25557080
24989135
25550426
25205248
25558063
25384563
25465190
25378487
25402979
25533953
25181702
26544944
26074722
26344043
26276636
25326627
25674564
25981669
25641561
25629724
26074052
26461095
25543136
25536038
25537519
25435137
25525159
25383902
25048050
25566051
25489052
25332374
25383968
25503246
25460271
23466575
25402615
25468217
25218861
25430851
25416801
25409826
25413365
25409824
25409689
25411507
25363873
25363768
25392983
25398610
14000337
25392492
25384563
25385583
25455029
25362485
25368019
25113870
25369215
25314338
25288306
25355364
25359498
25349904
25354876
25205790
25417108
25342201
25330925
25572111
25319829
25446008
25313059
25418731
25119025
25119036
25287652
25296256
25584904
25294983
24933325
25331777
24895419
24798747
25271168
25302014
25257311
25259922
25278849
25242322
25233312
25242219
25233311
25278870
25225186
25216638
25217527
25294974
25205677
25202872
25201979
25194793
25232307
14006164
14006012
24947836
24950893
24721692
25164755
25162533
25175024
25026390
25275169
25275168
25128977
25128497
24797726
25122670
25100204
25080170
25084170
25085419
25124674
25333848
24942624
25079783
25081570
25083869
25078893
25074920
25071162
25147816
24828045
24784568
25030162
25038433
25197329
25030694
24982167
25122244
25016438
25006725
25013177
25018105
25061512
24789562
24992504
24988319
24985344
24705963
24457530
24952428
24773339
25032706
24985917
24976139
24978855
24966368
24958886
24857721
24578380
24954643
24928944
25653097
24921652
24929831
24927599
24908100
24836452
24905006
24908479
24694735
24710067
24910429
24776741
23732877
24888634
24879013
24876489
24874484
24872553
25035890
24865185
24859558
26484081
24855316
24849349
24661118
24638003
24845231
24818823
24813610
24807918
24815909
24805236
24410330
24794996
24794707
25062598
24763381
24759783
24736732
24685590
24743474
24740181
24746704
24725405
24719107
24713432
24706869
24706905
24710597
24704506
49588601
24696458
24753594
24128370
24554440
24687799
24553463
24710376
25698909
24818188
24670763
24679529
24674812
24667040
24662921
24578530
24656126
24599592
24672440
24670639
24670663
24626927
24630718
24662569
24607228
24586468
24550517
24550505
24584050
24581668
24884692
24591695
24343575
24307564
24613350
24603432
24578380
24415537
24576388
24576421
24523533
24518591
24508565
24487233
24529241
24306534
24492777
24492776
24239742
24507497
24457522
24516395
24479782
24440718
13057317
13038332
24444712
24480284
24462099
24449894
23318448
24395889
24395755
24361252
24416218
24347640
24139757
24286672
24115146
24243840
24332238
24453982
24304495
24440982
24429630
24163254
24399135
24217918
24366147
23979609
25549297
85463443
25423365
24307553
25426171
24693222
24784215
24957798
24178555
24667609
24379448
24020354
25195318
24178567
24550809
24392697
24504085
24819091
24831947
24430941
25466957
24603302
24816792
24695493
24345474
24216250
24185836
24277834
23263874
24385931
24041988
24329485
24285714
24194471
24198348
24041940
24217252
23728943
23913838
24099780
23896990
24004003
24237966
24154728
24185837
24715959
24205361
24127602
24286025
24155296
24064353
24139032
24146845
24133253
26270172
24120991
24112988
24097044
24097352
25110573
24090265
24035353
24089477
24094104
24013117
24022187
23837748
23913792
24141312
24077618
24182117
24141309
23775410
24109560
24194836
24119003
23842548
24070017
24067278
24050406
24026537
24025774
23872315
24014320
24074028
23860199
23459851
23292310
24047273
24033169
23882112
24068959
24012984
23733750
24003130
23943319
23990563
23932570
23918356
23947436
23956220
23517218
23883930
23883927
23946402
23946423
23901112
23933753
23927072
23918370
23956262
23906907
23972712
23769412
23598363
23715014
23817549
23867503
23851460
23913207
23900278
23836656
23836645
23890733
23682658
23748442
23824327
23830984
23825418
23818662
23749186
24707719
23473999
23799475
23493135
23625947
23722532
23935468
23874171
23818497
23760956
23889995
23839787
23814047
23809492
23811145
23902433
23806336
23790035
23805207
23786766
23791182
23788724
23785169
23778965
23776040
23774264
23775923
23746835
23744040
23746446
23739980
23733317
23749754
23475953
23712066
23749752
23722211
23712428
23719465
23708967
23673358
24555060
23665228
23699057
23610408
23637413
23636333
23657389
24280345
23616077
23386628
13001397
23503053
23629964
23621901
23523369
23651518
23619686
23440244
23335221
23578302
23582323
23563579
23279660
23228887
23270812
23559249
23477833
23541793
23536094
23537139
23467088
23431203
23479633
23478443
23473599
23468429
23412334
23365081
23457262
23377180
23385869
23411664
22199379
23378448
23451281
23398301
23297035
23392609
23329111
23424633
23384730
23194377
23103418
23243023
27942444
23117071
22272798
23324600
23354101
23354330
23177515
23176256
23324024
23317515
23318260
23302808
23303309
23180771
23248267
23324457
23307867
22836757
23098241
23327649
23097351
23273915
23128780
23358228
22898035
23104886
23081699
22466618
23333352
23341782
23322691
23242809
24303070
24510412
22936248
24255704
23619015
23520475
23774303
23870653
23966869
23554477
23602477
23665227
23624837
23580620
23084099
23280428
23630983
23343898
23714178
23579673
24280374
23363465
23630323
24028704
23562644
24194868
23554566
23681636
23201753
23663246
22212594
23378645
23378646
23578748
23542634
24379681
23658164
23822731
23624838
23658374
22469984
23448166
23571760
24166436
23263278
23541901
23555977
23263278
23213252
23019000
23201679
23209143
22648906
23249862
23260662
22701078
23151958
23007728
23194371
23192148
23135404
23154784
23032190
23143603
23000175
23063437
23128226
12012671
23073843
22617954
22749255
23141671
22617791
23051772
23114035
23100435
23083729
23075976
23075219
23070811
23063132
23060193
23055479
23039252
23055912
23027901
23019586
23155487
22851698
23109909
22992218
22855529
22955978
22955620
22955616
22842902
22950368
22957047
22782548
22999866
22955988
22948728
22992378
23365081
22955974
22645180
22916002
22896693
22855792
22668792
22895255
22745171
22889292
22842144
22863192
22883624
22881459
22705945
22596351
22833275
22858676
22878719
22649077
22539002
22911570
22203465
22669891
22802626
22844240
22802529
22789538
22542597
22722845
22711828
22747909
22564525
22045619
22750884
22825423
22496524
22829149
22660546
22751663
22726733
22729083
22447682
22855669
22768123
22739505
22754500
22737237
22726838
22413754
22699621
22615382
22660545
22751211
22704758
22751210
22383169
22039081
22700909
22199228
21484250
22714669
22484847
22504300
22173243
22660326
22649507
22492750
22595674
22588721
22427200
22555242
22615226
22374332
22510613
21994214
22652693
22140246
22328184
22065192
22606999
22406637
22360625
22660319
22566646
22546054
22542183
22573234
22529912
22508725
22434867
22310050
22429915
22570624
22516258
22425153
21952112
22541435
22442080
22403068
21823110
22282656
22423085
22423093
22351932
22387999
22333593
22271651
22173732
22240283
22476462
22585996
22479173
22354167
22072439
22075116
22371084
22457793
22245809
22294526
22147368
22405012
22139943
22374386
22366760
22362159
22337043
22106178
22323806
22325206
22158624
22302806
22076958
22337043
22221862
22262036
22302941
22301890
22184459
22281766
22280555
22265405
22264333
22245967
22243745
22203998
22219294
22331359
22281595
22238572
22265415
22279045
22157873
22213801
22207624
22242157
22096018
22039970
22265397
22057054
22665494
21769101
23049977
22622150
23000270
23137693
22930669
22795131
22343717
22554881
22509301
22545246
22301776
22294553
22036037
22138692
22682761
22439936
22654889
22523239
23012582
23227002
22750848
22178078
22479205
22454070
23064227
21960227
23199929
22265404
23075437
22685420
22337032
22830651
22750847
22156575
23936626
22753781
23133421
22889924
22209728
23971134
22219365
23293768
23024010
22318144
22044881
23005171
22840402
21157429
21998215
22025149
22127205
22048738
22193666
22123973
22194700
22248814
22056382
22123989
22194994
21880592
22123966
22174824
22065784
22103962
21969688
22078115
22068329
22002604
21965329
21948523
21872963
22032573
22586652
21896509
21983563
22034435
21993624
21916508
22017989
20962230
21985647
21979375
21979052
21982374
21969575
20810548
21933884
21926973
21825105
21990941
21965338
21807552
21962515
21958622
21991246
21966481
21943598
21889194
21925323
21954378
21884978
21724593
21304545
22052279
21751369
21816910
20390470
21441597
21935353
21868675
21820311
21852499
21852501
21849538
21808003
21824427
21814200
21680712
21828272
21715303
21840483
21584898
21775991
21850219
21613595
21493886
21523443
21765422
21808030
21709159
21596898
21798944
21789554
21606420
21722859
21677647
21734707
21734285
21765801
21784246
21749201
21724829
21457375
21412952
21725325
21724833
21984975
21447727
21658583
21658582
21643007
21557504
21677161
21644947
21448237
21610111
21631906
21613993
21530256
21605425
21551031
21602788
21511999
21422469
21536904
21549415
21490598
21562260
21554709
21536658
21368274
21549330
21487076
21623265
21376569
21395580
21482754
21474074
21343388
21475230
21526222
21288478
21399637
21522138
21458673
21436445
21353615
21693585
21194546
21397858
21368223
21430781
21357774
21179090
21410874
21145110
21245334
21326322
21563892
21406578
21076472
21338889
21346763
21330131
21346806
21295273
21285277
21285263
21285262
21289068
21177969
21304812
21301440
21289624
20844969
21169070
21350486
20658316
20926517
21304930
21177881
21195692
21270892
21245844
21196494
21036901
21215930
21219509
21067998
21151105
21209461
21120924
20938052
21076425
21067998
21116305
20949568
21253571
21278375
21037277
21252340
21304991
21045117
21076153
21076153
21131983
11020463
21186351
21107619
21784931
21177962
22020437
21502413
22019781
20819789
22123943
21926179
21917142
21209277
22509072
21300896
21364756
21551147
22645531
22194695
21930507
21727208
22012987
21924933
21720370
21340033
21649524
22143276
21356385
22182234
20840894
22169477
21907614
22044413
19525353
21794208
22196335
22196331
21170033
21680045
21816177
22194567
21349209
22177093
21399628
21460824
21423181
21700266
22081013
22049342
21933749
21670303
21969615
21403133
21282711
21670278
21685128
21813454
21831924
21190559
21149722
21170056
20003132
21138865
20881057
21177976
21102269
21177974
21036921
21138522
21091266
21114842
21059853
20975071
21078174
21035370
21068295
21051638
20625982
21075312
19908369
10718292
21041390
20711231
20979472
20979469
20980594
20966049
20953197
20953193
20927104
20887954
20934901
20724445
20569236
20505116
20822891
20964635
20675577
20660085
20600027
20865010
20679515
20660346
20637804
20864994
20833316
20833728
20826315
20699296
20713509
20079866
20836076
20829823
20874408
20807953
20713723
20655880
20689044
20732806
20729810
20703299
20696374
20693355
20624852
20679398
20601955
20634804
20538778
20477937
20581131
20665114
20643354
20628155
20609345
20602916
20519966
20595231
20222154
20562416
20571075
20799820
20527023
20574449
20140443
20622843
20592421
20587501
20584905
20498912
20448148
20620951
20541697
20543846
20548960
20424607
20532211
20520707
20410059
20627072
20434970
19963273
19664622
10708296
20553486
21204003
20501600
20482850
20439748
20298755
20448179
20453205
20537601
20424325
20180778
10002374
10002374
20187095
20400965
20427315
20334944
20453116
10002374
20147403
20466910
20478531
20434983
20435002
20416085
20514868
20399721
20185403
20393189
20351282
20385362
20385090
20942300
20371813
19583476
19775734
20189651
20224292
15349794
20462379
20355252
20409176
20190740
20395368
15349794
20351267
20339051
20208518
20624728
20334679
20308322
20305121
20348958
20231313
20223936
20184449
20197621
20093306
20154674
20015341
19856012
19853654
20182490
20118916
19939914
20178749
19931563
20048174
20143329
20139984
19917611
20026333
20133837
19875103
19722269
19733241
21451737
20093003
19858093
20130679
20126307
19967724
20121601
19931627
19939956
20150148
20037574
19747495
20122194
19846068
19826412
20084295
20152134
20079351
20190856
20036350
20054399
20129051
20018759
20044575
20037610
19861354
19903760
20084099
19858363
19419772
21134298
20226080
20729808
21537452
20711490
20230616
20223762
20973996
20838655
20925960
20829833
20582257
20150143
20150144
20150164
20881989
20539290
20082133
20852635
21289048
20626650
20582915
20605912
19966329
20705181
20064276
20101212
10002493
20204144
20439433
20516198
20807066
20842587
21145110
20360360
20516191
21179085
20159853
20580961
22303252
20976003
20368986
20804568
20508146
20581189
21041402
21527990
20644714
20976284
20007330
20644729
20064463
19948966
20008935
20011505
19910535
19898465
19823762
19926802
19785031
19767417
19965431
19965430
19861442
19648141
19910922
19914186
19893633
19828440
20057934
19915729
19736251
19793678
20161659
19911041
19676131
19855392
19896444
19820186
19801602
19936048
19936061
19936050
19936062
19883952
19879835
19805039
19834596
19837875
19807170
19819906
19812621
19808019
19812320
19800577
19804763
19804754
19786836
19615876
20525603
19729289
19615997
19628007
19541913
19667073
19797681
19798471
19551889
19787067
19778439
19775460
19776282
19723655
19737946
19826620
19716110
19741685
19741701
19706460
19723761
19539268
19546321
19581485
19263435
19562714
09702988
19657104
19675127
19288275
19710375
19646879
19706282
19736523
19439564
19675288
19661422
19661427
19447893
19622581
19491311
19792163
19526211
19674890
19702501
19645598
19646253
19491391
19607732
19617885
19481455
19863271
19383971
19584931
19584920
19451433
19524084
19451429
19451436
19571179
19820302
19474344
19543281
19389826
19575479
19561595
19497887
19409493
19543387
19536255
19461580
19470478
19351884
19331831
19255256
19423874
19557190
19487570
19403698
09006515
19412161
19478811
19473525
19433791
67211851
19416867
19447092
19436955
20157478
19536324
19417103
19395010
19412536
19424435
19468303
19188247
19219674
19321707
19363491
19863270
19217895
19369572
19362535
19368828
19272841
19211697
19339691
19043101
19244360
19352372
19342212
19243843
19330716
19339684
19339170
19279207
19335899
19303137
19251594
19321765
19237577
19276372
19286558
19144990
19267930
19269369
19218459
19325892
19270155
19303854
18653666
19234449
18806920
19015022
19219037
19270672
19153156
19106332
19170718
19215798
19164706
19243633
19196975
19239887
19197359
19197067
19203581
18922857
19183002
19488870
19201915
19169241
18973227
19427193
19169258
18997002
19208108
19189423
19186167
19164749
19144841
18832589
19117980
18952624
19126689
19182539
19060895
18981052
19029839
19119413
18996839
19706389
20582287
20508061
19503607
19656801
19917252
19447965
19716330
09014436
19772654
20016833
19772646
19339779
19713919
19930550
20107495
19931152
20035580
19378001
19183002
19778439
19684116
19357099
19524508
19151709
20161021
19011221
19949292
19584108
19324075
19171886
19635780
19393038
19115002
19074276
19111654
19074264
19075289
19133107
19088035
18951519
19033456
19071958
19047117
19047137
19047131
18830667
19050074
19074682
19048115
19039138
19012953
18931659
18980315
19041754
19041750
19011093
19029931
18836286
18955458
18978947
18980677
18684737
19018664
18726901
18798549
18931663
18985291
18849984
18976482
18976483
18708352
18941524
18818695
18957202
18784092
18922891
18923046
18927314
18667418
18940594
18832178
18676996
18701752
18615679
18776892
18769116
18583644
18778867
18533820
19230142
18948956
18823535
18794350
18636533
18794351
18786255
18690210
18501438
18676955
18603620
18450582
18535205
19160516
18646790
18714290
18562547
18723883
18715995
18723669
18701717
18719096
18724938
18708578
18701062
18664580
18713950
18502852
00000361
18669843
18691401
18613717
18604217
18715321
18778420
08001835
18504635
18665230
18632564
18566342
18628397
08006477
08003394
18556515
18463098
18596783
18593984
18551192
17998276
18480407
18362889
18651342
18698153
18667617
18417725
08712023
08712096
18353764
18552846
18834399
18562285
18570664
18560542
18514642
18549783
18519636
18463306
19333786
18469815
18591350
18322263
18308721
18356157
18483389
18483244
18480274
18464893
18471969
18463263
18435628
18383547
18480265
18305091
18447583
18369103
18434515
18413597
18414675
18413711
18413720
18391195
18398474
18394897
18342361
18385329
18414047
18329872
18371932
18446237
18326838
18310505
18305008
18339541
18206246
18374170
18350138
18326623
18322081
18311151
18344319
18091979
18184716
18230803
18349818
18301430
18301778
18304353
18292341
18180460
18270341
19022245
18245383
18251999
18235122
18076015
18239125
18463699
18256189
18339543
18513949
18056264
18047414
18004590
18060828
18204803
18239126
18307793
18267081
18094099
18071335
18216193
18213370
18178811
18256532
18187653
18094685
18172160
17420172
18179893
18194960
18437627
18176549
18203921
18232737
18032725
17984077
18067579
18032726
17991679
17933775
17878916
18089549
17941803
18037683
18043259
18478056
19270082
18922463
19109917
18544748
18029361
18978788
18292219
18267066
19270155
18488024
19099578
18463631
19064926
18997113
19116010
18500348
26380846
18641685
18361916
18462694
19048079
18177728
19005040
18155466
18076878
18656446
18296023
18799737
18550681
18665804
18562693
18665130
18282709
18436641
18300174
18765753
18084030
18243117
18258921
18685699
18670650
18242514
19150958
18195101
18358806
19287137
18271625
19150966
23434122
19011454
19108670
19022759
19329575
18432245
19079588
18698413
18229681
18579080
18341692
18410481
18452608
18285465
18404147
08006199
08006230
18172163
18464734
18463613
19150964
19026789
18256268
18097401
18091988
18079172
18055695
18077682
18077425
18073535
18048329
18042700
17940137
18026099
18034186
18052609
17855585
18043586
17984227
17989246
17982450
17938208
18043729
17989255
17959771
17982454
17975059
17828771
17921174
17846121
18982121
18055609
17965714
17486071
17914404
17539754
17991865
17948129
17965055
19704546
17764504
17716973
17994088
17957265
17900149
17900148
17925434
17928262
17923095
17914903
17562352
17880003
18161591
17943122
17349714
17912030
18054219
07001865
17978019
17719121
17903284
17882215
17712276
17875665
17873521
17880394
17877794
17704810
17848517
17761882
17585938
17699867
17550899
17590449
17652157
17668002
17660806
17893736
17428965
17690248
17420942
17515607
17401725
17708765
07001031
17652511
17629483
17638873
17609381
17622195
17606899
17493935
17612494
17606868
17602081
17572683
17572676
17592298
17307316
17550896
17496114
17460109
17515612
17440836
17597778
17579518
17554337
17576930
17582330
17579707
17579712
17581973
17576681
17575055
17500538
17588520
17496901
17559666
17604727
17567995
17503322
17542647
17311297
17571927
17521571
17470784
17446352
17320830
17473195
17471252
17329629
17417629
17495918
17442570
17431895
17537965
17482133
17470340
17435752
17331639
17512415
17470535
17363630
17404290
17431167
17429400
17403777
17267761
17395546
17239845
17379090
17409411
17418787
17355180
17314238
17873375
17290297
17202221
17320400
17363976
17314092
17443180
17509223
17372196
17374722
17346786
17386260
17380189
17369401
17360557
17350950
17342201
17320392
17360496
17332364
17251271
17435539
18428796
18533102
17326723
06002427
17310252
17382889
17287294
17382887
17118459
17331062
17273963
18428776
17318848
17349579
17237046
18428783
17320512
17274821
17268553
16915362
17224650
17142475
17140842
17235288
17108329
17053874
17251933
16945422
17227840
17227859
17007609
17218261
17197415
17196524
17196527
17196530
17160137
17200352
21356938
17142227
17464794
17464798
16865396
17099234
17135242
17021018
18428661
16467567
17099225
17080234
17202159
17464797
17233885
16926033
17142222
18654192
17050569
17200941
17010573
17241466
17224917
17189715
17210792
18428775
17173028
17218260
17289567
17571346
17641401
17218520
18092003
17994087
17567994
17594494
17440987
17885136
17892592
17567989
17923682
18056431
17210932
17510325
17486121
17434129
07008425
17510324
17203656
17210785
17442824
17291617
16893691
17567993
17498883
17292583
17349036
18070356
17786225
18958244
17367534
18287700
17568003
18002470
18466550
17172714
17568002
